pressure: 338.190954774 mass: 0.9665961782 radius: 0.9802327005 core_mass_frac: 0.2958851103
pressure: 377.889447236 mass: 1.086563457 radius: 1.014530535 core_mass_frac: 0.2958966552
pressure: 417.587939699 mass: 1.205740249 radius: 1.045815347 core_mass_frac: 0.2958900841
pressure: 457.286432161 mass: 1.324023769 radius: 1.074587198 core_mass_frac: 0.2958830907
