expected_Rp: 243970000.0 radius: 0.999999912504 mass: 0.752162174132
expected_Rp: 243970000.0 radius: 1.00000008197 mass: 0.752252366956

